Classification Report
              precision    recall  f1-score   support

           1       0.52      0.19      0.28      2010
           2       0.65      0.40      0.50      4378
           3       0.56      0.71      0.63      2971
           4       0.38      0.17      0.23      3111
           5       0.41      0.52      0.46      4405
           6       0.42      0.44      0.43      4081
           7       0.47      0.65      0.55      3204
           8       0.34      0.44      0.38      4003

    accuracy                           0.45     28163
   macro avg       0.47      0.44      0.43     28163
weighted avg       0.46      0.45      0.44     28163

Confusion Matrix
[[ 380  311   71   66  217  319   11  635]
 [ 137 1769  700  155  174  272  422  749]
 [   7   84 2109   43  131  112  316  169]
 [  47  209  223  529  661  361  439  642]
 [  67  159  124  171 2294  586  431  573]
 [  22   22   85  145 1102 1796  335  574]
 [  11   30   92  190  445  227 2073  136]
 [  55  141  334  101  612  627  376 1757]]

Test accuracy on folder 1
45.11948227882385

Classification Report
              precision    recall  f1-score   support

           1       0.71      0.81      0.76      2009
           2       0.73      0.79      0.76      4378
           3       0.72      0.85      0.78      2971
           4       0.58      0.69      0.63      3112
           5       0.74      0.58      0.65      4405
           6       0.74      0.70      0.72      4080
           7       0.85      0.71      0.78      3204
           8       0.70      0.69      0.69      4003

    accuracy                           0.72     28162
   macro avg       0.72      0.73      0.72     28162
weighted avg       0.72      0.72      0.72     28162

Confusion Matrix
[[1626  280    3   31    0   12    2   55]
 [ 244 3453  433   78   41   24   18   87]
 [   2  170 2516   49   12   35   25  162]
 [  99  250  104 2160  130  155   80  134]
 [  88  183  158  717 2561  309  127  262]
 [  28   50   13  257  410 2851   91  380]
 [  17   60   96  286  151  219 2277   98]
 [ 174  308  154  170  165  230   46 2756]]

Test accuracy on folder 2
71.72785997390747

Classification Report
              precision    recall  f1-score   support

           1       0.82      0.68      0.75      2009
           2       0.89      0.84      0.86      4378
           3       0.79      0.83      0.81      2971
           4       0.77      0.78      0.77      3112
           5       0.92      0.73      0.81      4405
           6       0.72      0.81      0.76      4080
           7       0.75      0.93      0.83      3204
           8       0.75      0.76      0.75      4003

    accuracy                           0.80     28162
   macro avg       0.80      0.79      0.79     28162
weighted avg       0.81      0.80      0.80     28162

Confusion Matrix
[[1367  141   10   41   13   53    5  379]
 [  66 3682  270  176   19   27   26  112]
 [  31  227 2462   52   14   56   23  106]
 [  24   22   41 2414   26  193  355   37]
 [  56   25   78  160 3207  520  196  163]
 [  17   15   45  190   61 3310  280  162]
 [   9    1   24   35   33   77 2986   39]
 [  89   38  173   79  113  347  132 3032]]

Test accuracy on folder 3
79.75285649299622

Classification Report
              precision    recall  f1-score   support

           1       0.92      0.68      0.78      2010
           2       0.81      0.91      0.86      4379
           3       0.70      0.90      0.79      2971
           4       0.84      0.77      0.80      3112
           5       0.94      0.69      0.79      4404
           6       0.70      0.83      0.76      4080
           7       0.91      0.79      0.84      3204
           8       0.73      0.77      0.75      4002

    accuracy                           0.80     28162
   macro avg       0.82      0.79      0.80     28162
weighted avg       0.81      0.80      0.80     28162

Confusion Matrix
[[1368  320   82   27    5   11    0  197]
 [   1 3988  288    4    1   20    1   76]
 [   1  210 2687    4    7    5    0   57]
 [   9  143  110 2400   34  211   81  124]
 [  24   94  103   86 3017  633  115  332]
 [   3   22  257  107   52 3395   33  211]
 [   1   30   61  175   35  255 2526  121]
 [  83  116  254   54   51  327   30 3087]]

Test accuracy on folder 4
79.78126406669617

Classification Report
              precision    recall  f1-score   support

           1       0.89      0.81      0.85      2010
           2       0.78      0.94      0.86      4378
           3       0.84      0.87      0.85      2971
           4       0.85      0.81      0.83      3112
           5       0.93      0.80      0.86      4404
           6       0.87      0.85      0.86      4081
           7       0.94      0.84      0.89      3204
           8       0.75      0.80      0.77      4002

    accuracy                           0.84     28162
   macro avg       0.85      0.84      0.84     28162
weighted avg       0.85      0.84      0.84     28162

Confusion Matrix
[[1628  281    0    0    0   20    0   81]
 [   6 4135  159   16    6    9    3   44]
 [   0  268 2585   15   13   15    0   75]
 [  89  109    9 2507   61   63   35  239]
 [  41  122   54  175 3538  128   56  290]
 [  17   44   50  120  110 3487   66  187]
 [   1   43   45   83   37  135 2682  178]
 [  45  290  186   48   49  174   13 3197]]

Test accuracy on folder 5
84.36545729637146

Model: "sequential"
_________________________________________________________________
 Layer (type)                Output Shape              Param #   
=================================================================
 conv2d (Conv2D)             (None, 48, 48, 16)        208       
                                                                 
 activation (Activation)     (None, 48, 48, 16)        0         
                                                                 
 max_pooling2d (MaxPooling2D  (None, 24, 24, 16)       0         
 )                                                               
                                                                 
 dropout (Dropout)           (None, 24, 24, 16)        0         
                                                                 
 conv2d_1 (Conv2D)           (None, 24, 24, 32)        2080      
                                                                 
 activation_1 (Activation)   (None, 24, 24, 32)        0         
                                                                 
 max_pooling2d_1 (MaxPooling  (None, 12, 12, 32)       0         
 2D)                                                             
                                                                 
 dropout_1 (Dropout)         (None, 12, 12, 32)        0         
                                                                 
 time_distributed (TimeDistr  (None, 12, 384)          0         
 ibuted)                                                         
                                                                 
 lstm (LSTM)                 (None, 100)               194000    
                                                                 
 dense (Dense)               (None, 9)                 909       
                                                                 
=================================================================
Total params: 197,197
Trainable params: 197,197
Non-trainable params: 0
_________________________________________________________________

SUMMARY

Mean accuracy
72.14938402175903

F1-Score
71.91644991416972

Precision
73.16854286219177

Recall
72.14938484849792

Confusion Matrix
[[1273  266   33   33   47   83    3  269]
 [  90 3405  370   85   48   70   94  213]
 [   8  191 2471   32   35   44   72  113]
 [  53  146   97 2002  182  196  198  235]
 [  55  116  103  261 2923  435  185  324]
 [  17   30   90  163  347 2967  161  302]
 [   7   32   63  153  140  182 2508  114]
 [  89  178  220   90  198  341  119 2765]]Classification Report
              precision    recall  f1-score   support

           1       0.63      0.80      0.70      2010
           2       0.73      0.92      0.81      4378
           3       0.92      0.77      0.84      2971
           4       0.84      0.52      0.64      3111
           5       0.94      0.64      0.76      4405
           6       0.81      0.78      0.80      4081
           7       0.82      0.87      0.84      3204
           8       0.63      0.84      0.72      4003

    accuracy                           0.77     28163
   macro avg       0.79      0.77      0.76     28163
weighted avg       0.79      0.77      0.77     28163

Confusion Matrix
[[1599  338    0    8    0   20    0   45]
 [ 192 4014   98    0    0    1    2   71]
 [   9  330 2299    0    5   17   37  274]
 [ 206  290    6 1608   48  182  162  609]
 [ 293  268   31  123 2810  177  195  508]
 [  56   74    0   87   80 3200  180  404]
 [   0   46   31   69    8  212 2783   55]
 [ 202  146   32   26   33  149   52 3363]]

Test accuracy on folder 1
76.96623206138611

Classification Report
              precision    recall  f1-score   support

           1       0.77      0.95      0.85      2009
           2       0.85      0.96      0.90      4378
           3       0.97      0.82      0.89      2971
           4       0.98      0.80      0.88      3112
           5       0.96      0.68      0.80      4405
           6       0.87      0.89      0.88      4080
           7       0.84      0.95      0.89      3204
           8       0.76      0.91      0.83      4003

    accuracy                           0.86     28162
   macro avg       0.88      0.87      0.86     28162
weighted avg       0.88      0.86      0.86     28162

Confusion Matrix
[[1899   81    0    0    5    0    0   24]
 [ 135 4205   17    0    0    0    0   21]
 [   7  186 2426    1   17    4   10  320]
 [  62  141    1 2493   50  169  162   34]
 [ 235  197   29   17 3007  266  197  457]
 [  22    0    1   13    7 3622  188  227]
 [   0   10    4    2   35   50 3037   66]
 [  99  130   16    7   17   59   35 3640]]

Test accuracy on folder 2
86.38945817947388

Classification Report
              precision    recall  f1-score   support

           1       0.97      0.86      0.91      2009
           2       0.78      0.98      0.87      4378
           3       0.97      0.69      0.81      2971
           4       0.98      0.86      0.91      3112
           5       0.98      0.87      0.92      4405
           6       0.88      0.93      0.90      4080
           7       0.84      0.98      0.90      3204
           8       0.89      0.91      0.90      4003

    accuracy                           0.89     28162
   macro avg       0.91      0.88      0.89     28162
weighted avg       0.90      0.89      0.89     28162

Confusion Matrix
[[1728  131    0    0    1    0    3  146]
 [  13 4301   42    0    0    0    1   21]
 [   0  809 2042    1    1   13   14   91]
 [   0    5    0 2661   22  114  295   15]
 [  26  161    3   29 3831  192   34  129]
 [   0    4    1   26   11 3783  190   65]
 [   0    7    5    0    5   54 3127    6]
 [  14   63    5    9   54  134   70 3654]]

Test accuracy on folder 3
89.22306895256042

Classification Report
              precision    recall  f1-score   support

           1       0.97      0.99      0.98      2010
           2       0.93      0.99      0.96      4379
           3       0.99      0.86      0.92      2971
           4       1.00      0.89      0.94      3112
           5       0.99      0.91      0.95      4404
           6       0.92      0.95      0.93      4080
           7       0.93      0.99      0.96      3204
           8       0.90      0.98      0.94      4002

    accuracy                           0.95     28162
   macro avg       0.95      0.95      0.95     28162
weighted avg       0.95      0.95      0.95     28162

Confusion Matrix
[[1999    6    0    0    0    0    0    5]
 [  10 4352    8    0    0    0    0    9]
 [  14  284 2562    0    1    1    0  109]
 [   3    7    0 2779    5  147  147   24]
 [  13   16    9    6 4018  181   37  124]
 [   0    1    4    7    7 3887   44  130]
 [   0    2    3    0    1    1 3178   19]
 [  14   15   12    0   11   20   13 3917]]

Test accuracy on folder 4
94.78020071983337

Classification Report
              precision    recall  f1-score   support

           1       0.98      0.86      0.92      2010
           2       0.87      0.99      0.92      4378
           3       0.98      0.79      0.88      2971
           4       0.97      0.93      0.95      3112
           5       0.99      0.78      0.87      4404
           6       0.80      0.97      0.87      4081
           7       0.88      0.98      0.93      3204
           8       0.85      0.86      0.86      4002

    accuracy                           0.90     28162
   macro avg       0.92      0.90      0.90     28162
weighted avg       0.91      0.90      0.90     28162

Confusion Matrix
[[1730   53    0    0    0   61   26  140]
 [   1 4324    0    3    0    5   18   27]
 [   0  434 2354    8    0   38   23  114]
 [   0    4    0 2908    0   90   74   36]
 [   9  103    1   39 3437  432  156  227]
 [   0    4    3   11   15 3940   64   44]
 [   0    0    0    9    1   36 3146   12]
 [  21   66   50   10    7  347   55 3446]]

Test accuracy on folder 5
89.78410363197327

Model: "sequential_2"
_________________________________________________________________
 Layer (type)                Output Shape              Param #   
=================================================================
 conv2d_8 (Conv2D)           (None, 48, 48, 64)        1792      
                                                                 
 batch_normalization_9 (Batc  (None, 48, 48, 64)       256       
 hNormalization)                                                 
                                                                 
 conv2d_9 (Conv2D)           (None, 48, 48, 64)        36928     
                                                                 
 batch_normalization_10 (Bat  (None, 48, 48, 64)       256       
 chNormalization)                                                
                                                                 
 max_pooling2d_5 (MaxPooling  (None, 24, 24, 64)       0         
 2D)                                                             
                                                                 
 dropout_7 (Dropout)         (None, 24, 24, 64)        0         
                                                                 
 conv2d_10 (Conv2D)          (None, 24, 24, 128)       73856     
                                                                 
 batch_normalization_11 (Bat  (None, 24, 24, 128)      512       
 chNormalization)                                                
                                                                 
 conv2d_11 (Conv2D)          (None, 24, 24, 128)       147584    
                                                                 
 batch_normalization_12 (Bat  (None, 24, 24, 128)      512       
 chNormalization)                                                
                                                                 
 max_pooling2d_6 (MaxPooling  (None, 12, 12, 128)      0         
 2D)                                                             
                                                                 
 dropout_8 (Dropout)         (None, 12, 12, 128)       0         
                                                                 
 conv2d_12 (Conv2D)          (None, 12, 12, 256)       295168    
                                                                 
 batch_normalization_13 (Bat  (None, 12, 12, 256)      1024      
 chNormalization)                                                
                                                                 
 conv2d_13 (Conv2D)          (None, 12, 12, 256)       590080    
                                                                 
 batch_normalization_14 (Bat  (None, 12, 12, 256)      1024      
 chNormalization)                                                
                                                                 
 max_pooling2d_7 (MaxPooling  (None, 6, 6, 256)        0         
 2D)                                                             
                                                                 
 dropout_9 (Dropout)         (None, 6, 6, 256)         0         
                                                                 
 flatten_2 (Flatten)         (None, 9216)              0         
                                                                 
 dense_5 (Dense)             (None, 1024)              9438208   
                                                                 
 batch_normalization_15 (Bat  (None, 1024)             4096      
 chNormalization)                                                
                                                                 
 dropout_10 (Dropout)        (None, 1024)              0         
                                                                 
 dense_6 (Dense)             (None, 512)               524800    
                                                                 
 batch_normalization_16 (Bat  (None, 512)              2048      
 chNormalization)                                                
                                                                 
 dropout_11 (Dropout)        (None, 512)               0         
                                                                 
 dense_7 (Dense)             (None, 256)               131328    
                                                                 
 batch_normalization_17 (Bat  (None, 256)              1024      
 chNormalization)                                                
                                                                 
 dense_8 (Dense)             (None, 9)                 2313      
                                                                 
=================================================================
Total params: 11,252,809
Trainable params: 11,247,433
Non-trainable params: 5,376
_________________________________________________________________

SUMMARY

Mean accuracy
87.42861747741699

F1-Score
87.34705077876454

Precision
88.67093307294753

Recall
87.42861326445357

Confusion Matrix
[[1791  121    0    1    1   16    5   72]
 [  70 4239   33    0    0    1    4   29]
 [   6  408 2336    2    4   14   16  181]
 [  54   89    1 2489   25  140  168  143]
 [ 115  149   14   42 3420  249  123  289]
 [  15   16    1   28   24 3686  133  174]
 [   0   13    8   16   10   70 3054   31]
 [  70   84   23   10   24  141   45 3604]]