Classification Report
              precision    recall  f1-score   support

           1       0.52      0.19      0.28      2010
           2       0.65      0.40      0.50      4378
           3       0.56      0.71      0.63      2971
           4       0.38      0.17      0.23      3111
           5       0.41      0.52      0.46      4405
           6       0.42      0.44      0.43      4081
           7       0.47      0.65      0.55      3204
           8       0.34      0.44      0.38      4003

    accuracy                           0.45     28163
   macro avg       0.47      0.44      0.43     28163
weighted avg       0.46      0.45      0.44     28163

Confusion Matrix
[[ 380  311   71   66  217  319   11  635]
 [ 137 1769  700  155  174  272  422  749]
 [   7   84 2109   43  131  112  316  169]
 [  47  209  223  529  661  361  439  642]
 [  67  159  124  171 2294  586  431  573]
 [  22   22   85  145 1102 1796  335  574]
 [  11   30   92  190  445  227 2073  136]
 [  55  141  334  101  612  627  376 1757]]

Test accuracy on folder 1
45.11948227882385

Classification Report
              precision    recall  f1-score   support

           1       0.71      0.81      0.76      2009
           2       0.73      0.79      0.76      4378
           3       0.72      0.85      0.78      2971
           4       0.58      0.69      0.63      3112
           5       0.74      0.58      0.65      4405
           6       0.74      0.70      0.72      4080
           7       0.85      0.71      0.78      3204
           8       0.70      0.69      0.69      4003

    accuracy                           0.72     28162
   macro avg       0.72      0.73      0.72     28162
weighted avg       0.72      0.72      0.72     28162

Confusion Matrix
[[1626  280    3   31    0   12    2   55]
 [ 244 3453  433   78   41   24   18   87]
 [   2  170 2516   49   12   35   25  162]
 [  99  250  104 2160  130  155   80  134]
 [  88  183  158  717 2561  309  127  262]
 [  28   50   13  257  410 2851   91  380]
 [  17   60   96  286  151  219 2277   98]
 [ 174  308  154  170  165  230   46 2756]]

Test accuracy on folder 2
71.72785997390747

Classification Report
              precision    recall  f1-score   support

           1       0.82      0.68      0.75      2009
           2       0.89      0.84      0.86      4378
           3       0.79      0.83      0.81      2971
           4       0.77      0.78      0.77      3112
           5       0.92      0.73      0.81      4405
           6       0.72      0.81      0.76      4080
           7       0.75      0.93      0.83      3204
           8       0.75      0.76      0.75      4003

    accuracy                           0.80     28162
   macro avg       0.80      0.79      0.79     28162
weighted avg       0.81      0.80      0.80     28162

Confusion Matrix
[[1367  141   10   41   13   53    5  379]
 [  66 3682  270  176   19   27   26  112]
 [  31  227 2462   52   14   56   23  106]
 [  24   22   41 2414   26  193  355   37]
 [  56   25   78  160 3207  520  196  163]
 [  17   15   45  190   61 3310  280  162]
 [   9    1   24   35   33   77 2986   39]
 [  89   38  173   79  113  347  132 3032]]

Test accuracy on folder 3
79.75285649299622

Classification Report
              precision    recall  f1-score   support

           1       0.92      0.68      0.78      2010
           2       0.81      0.91      0.86      4379
           3       0.70      0.90      0.79      2971
           4       0.84      0.77      0.80      3112
           5       0.94      0.69      0.79      4404
           6       0.70      0.83      0.76      4080
           7       0.91      0.79      0.84      3204
           8       0.73      0.77      0.75      4002

    accuracy                           0.80     28162
   macro avg       0.82      0.79      0.80     28162
weighted avg       0.81      0.80      0.80     28162

Confusion Matrix
[[1368  320   82   27    5   11    0  197]
 [   1 3988  288    4    1   20    1   76]
 [   1  210 2687    4    7    5    0   57]
 [   9  143  110 2400   34  211   81  124]
 [  24   94  103   86 3017  633  115  332]
 [   3   22  257  107   52 3395   33  211]
 [   1   30   61  175   35  255 2526  121]
 [  83  116  254   54   51  327   30 3087]]

Test accuracy on folder 4
79.78126406669617

Classification Report
              precision    recall  f1-score   support

           1       0.89      0.81      0.85      2010
           2       0.78      0.94      0.86      4378
           3       0.84      0.87      0.85      2971
           4       0.85      0.81      0.83      3112
           5       0.93      0.80      0.86      4404
           6       0.87      0.85      0.86      4081
           7       0.94      0.84      0.89      3204
           8       0.75      0.80      0.77      4002

    accuracy                           0.84     28162
   macro avg       0.85      0.84      0.84     28162
weighted avg       0.85      0.84      0.84     28162

Confusion Matrix
[[1628  281    0    0    0   20    0   81]
 [   6 4135  159   16    6    9    3   44]
 [   0  268 2585   15   13   15    0   75]
 [  89  109    9 2507   61   63   35  239]
 [  41  122   54  175 3538  128   56  290]
 [  17   44   50  120  110 3487   66  187]
 [   1   43   45   83   37  135 2682  178]
 [  45  290  186   48   49  174   13 3197]]

Test accuracy on folder 5
84.36545729637146

Model: "sequential"
_________________________________________________________________
 Layer (type)                Output Shape              Param #   
=================================================================
 conv2d (Conv2D)             (None, 48, 48, 16)        208       
                                                                 
 activation (Activation)     (None, 48, 48, 16)        0         
                                                                 
 max_pooling2d (MaxPooling2D  (None, 24, 24, 16)       0         
 )                                                               
                                                                 
 dropout (Dropout)           (None, 24, 24, 16)        0         
                                                                 
 conv2d_1 (Conv2D)           (None, 24, 24, 32)        2080      
                                                                 
 activation_1 (Activation)   (None, 24, 24, 32)        0         
                                                                 
 max_pooling2d_1 (MaxPooling  (None, 12, 12, 32)       0         
 2D)                                                             
                                                                 
 dropout_1 (Dropout)         (None, 12, 12, 32)        0         
                                                                 
 time_distributed (TimeDistr  (None, 12, 384)          0         
 ibuted)                                                         
                                                                 
 lstm (LSTM)                 (None, 100)               194000    
                                                                 
 dense (Dense)               (None, 9)                 909       
                                                                 
=================================================================
Total params: 197,197
Trainable params: 197,197
Non-trainable params: 0
_________________________________________________________________

SUMMARY

Mean accuracy
72.14938402175903

F1-Score
71.91644991416972

Precision
73.16854286219177

Recall
72.14938484849792

Confusion Matrix
[[1273  266   33   33   47   83    3  269]
 [  90 3405  370   85   48   70   94  213]
 [   8  191 2471   32   35   44   72  113]
 [  53  146   97 2002  182  196  198  235]
 [  55  116  103  261 2923  435  185  324]
 [  17   30   90  163  347 2967  161  302]
 [   7   32   63  153  140  182 2508  114]
 [  89  178  220   90  198  341  119 2765]]