Classification Report
              precision    recall  f1-score   support

           1       0.67      0.76      0.71      2010
           2       0.78      0.83      0.81      4378
           3       0.82      0.85      0.83      2971
           4       0.67      0.62      0.64      3111
           5       0.80      0.73      0.76      4405
           6       0.73      0.79      0.76      4081
           7       0.77      0.80      0.79      3204
           8       0.80      0.70      0.74      4003

    accuracy                           0.76     28163
   macro avg       0.75      0.76      0.76     28163
weighted avg       0.76      0.76      0.76     28163

Confusion Matrix
[[1521  324   16   37   39   47    0   26]
 [ 237 3653  291   33   24   32   27   81]
 [  40   84 2523   42   82   38   22  140]
 [  72  202   18 1921  193  433  161  111]
 [ 152  175   28  223 3203  218  201  205]
 [  20   14    2  255  230 3235  206  119]
 [   1   35   51  265   94  170 2552   36]
 [ 228  210  153   90  140  268  126 2788]]

Test accuracy on folder 1
75.97202062606812

Classification Report
              precision    recall  f1-score   support

           1       0.74      0.92      0.82      2009
           2       0.91      0.77      0.84      4378
           3       0.92      0.82      0.87      2971
           4       0.86      0.77      0.81      3112
           5       0.77      0.89      0.83      4405
           6       0.84      0.82      0.83      4080
           7       0.85      0.85      0.85      3204
           8       0.78      0.84      0.81      4003

    accuracy                           0.83     28162
   macro avg       0.83      0.83      0.83     28162
weighted avg       0.84      0.83      0.83     28162

Confusion Matrix
[[1854   69    0    7   29   31    1   18]
 [ 438 3364  148   90  119   27   15  177]
 [  10   67 2438   12   71   62  117  194]
 [  61   43    6 2394  252  121  145   90]
 [  40   28   14   46 3916   94   60  207]
 [  21    1    0  106  348 3328  100  176]
 [   0   21    3   79  160  144 2733   64]
 [  65   85   49   65  174  172   27 3366]]

Test accuracy on folder 2
83.06583166122437

Classification Report
              precision    recall  f1-score   support

           1       0.91      0.91      0.91      2009
           2       0.96      0.92      0.94      4378
           3       0.87      0.90      0.89      2971
           4       0.95      0.74      0.83      3112
           5       0.89      0.96      0.93      4405
           6       0.89      0.91      0.90      4080
           7       0.75      0.97      0.85      3204
           8       0.95      0.79      0.86      4003

    accuracy                           0.89     28162
   macro avg       0.90      0.89      0.89     28162
weighted avg       0.90      0.89      0.89     28162

Confusion Matrix
[[1832   21    2    8   67   30    0   49]
 [  47 4049  170   31   26    5   31   19]
 [  17  101 2687   12   21   34   67   32]
 [   1    8    0 2288  100  133  563   19]
 [  15   13    1   11 4237   64   45   19]
 [   2    3    4   55  103 3730  144   39]
 [   0    3    2    1   11   64 3117    6]
 [ 108   16  212   12  185  132  174 3164]]

Test accuracy on folder 3
89.14139866828918

Classification Report
              precision    recall  f1-score   support

           1       0.90      0.93      0.92      2010
           2       0.95      0.94      0.95      4379
           3       0.93      0.92      0.92      2971
           4       0.92      0.94      0.93      3112
           5       0.92      0.97      0.94      4404
           6       0.94      0.94      0.94      4080
           7       0.96      0.96      0.96      3204
           8       0.93      0.85      0.89      4002

    accuracy                           0.93     28162
   macro avg       0.93      0.93      0.93     28162
weighted avg       0.93      0.93      0.93     28162

Confusion Matrix
[[1879    8    1   21   65    1    0   35]
 [  65 4130   53   74   18    0    7   32]
 [  12  141 2722   10   19    3    1   63]
 [  10    9    3 2928   25   64   56   17]
 [   6    7    9   11 4263   74    4   30]
 [   2    2   44   14   95 3842   12   69]
 [   0   11    7   25   24   49 3081    7]
 [ 122   39   80   94  145   70   37 3415]]

Test accuracy on folder 4
93.24621558189392

Classification Report
              precision    recall  f1-score   support

           1       0.91      0.93      0.92      2010
           2       0.92      0.95      0.94      4378
           3       0.91      0.94      0.92      2971
           4       0.93      0.90      0.91      3112
           5       0.96      0.92      0.94      4404
           6       0.94      0.94      0.94      4081
           7       0.93      0.94      0.94      3204
           8       0.88      0.87      0.87      4002

    accuracy                           0.92     28162
   macro avg       0.92      0.92      0.92     28162
weighted avg       0.92      0.92      0.92     28162

Confusion Matrix
[[1866   42   15    6    7    0    0   74]
 [  46 4176   56   32    4    0    4   60]
 [   3  127 2780    2    4    0   12   43]
 [  46    3    0 2788   71   63   83   58]
 [  26   15    0   62 4061   67   31  142]
 [   3    3   29   58   31 3829   71   57]
 [   0   51   16   22   12   29 3026   48]
 [  65  129  167   36   48   71   20 3466]]

Test accuracy on folder 5
92.29457974433899

Model: "sequential_2"
_________________________________________________________________
 Layer (type)                Output Shape              Param #   
=================================================================
 conv2d (Conv2D)             (None, 46, 46, 32)        896       
                                                                 
 max_pooling2d (MaxPooling2D  (None, 23, 23, 32)       0         
 )                                                               
                                                                 
 flatten_2 (Flatten)         (None, 16928)             0         
                                                                 
 dense_8 (Dense)             (None, 100)               1692900   
                                                                 
 dense_9 (Dense)             (None, 9)                 909       
                                                                 
=================================================================
Total params: 1,694,705
Trainable params: 1,694,705
Non-trainable params: 0
_________________________________________________________________

SUMMARY

Mean accuracy
86.74401044845581

F1-Score
86.71687256125522

Precision
87.06482529224556

Recall
86.74400985711223

Confusion Matrix
[[1790   92    6   15   41   21    0   40]
 [ 166 3874  143   52   38   12   16   73]
 [  16  104 2630   15   39   27   43   94]
 [  38   53    5 2463  128  162  201   59]
 [  47   47   10   70 3936  103   68  120]
 [   9    4   15   97  161 3592  106   92]
 [   0   24   15   78   60   91 2901   32]
 [ 117   95  132   59  138  142   76 3239]]