Folder 1
Train
[ 6927  6929  6940 ... 35884 35885 35886]
Test
[   0    1    2 ... 7543 7562 7570]

Classification Report
              precision    recall  f1-score   support

           0       0.33      0.34      0.33       991
           1       0.70      0.27      0.39       110
           2       0.41      0.33      0.36      1024
           3       0.60      0.66      0.63      1798
           4       0.34      0.37      0.35      1216
           5       0.67      0.59      0.63       800
           6       0.40      0.43      0.41      1239

    accuracy                           0.46      7178
   macro avg       0.49      0.43      0.45      7178
weighted avg       0.47      0.46      0.46      7178

Confusion Matrix
[[ 333    5   99  164  198   35  157]
 [  24   30   11   14   14    1   16]
 [ 134    1  336  136  211   78  128]
 [ 145    3   73 1184  161   48  184]
 [ 193    4  115  192  449   35  228]
 [  48    0   81   73   58  476   64]
 [ 143    0  103  196  231   39  527]]

Test accuracy on folder 1
46.46140933036804

Folder 2
Train
[    0     1     2 ... 35884 35885 35886]
Test
[ 6927  6929  6940 ... 14998 15004 15008]

Classification Report
              precision    recall  f1-score   support

           0       0.72      0.65      0.68       991
           1       0.71      0.57      0.63       110
           2       0.66      0.70      0.68      1024
           3       0.82      0.83      0.83      1798
           4       0.74      0.67      0.70      1215
           5       0.76      0.87      0.81       800
           6       0.72      0.74      0.73      1240

    accuracy                           0.74      7178
   macro avg       0.73      0.72      0.72      7178
weighted avg       0.74      0.74      0.74      7178

Confusion Matrix
[[ 641    5   80   77   69   40   79]
 [   9   63   11    7   12    3    5]
 [  56    4  721   39   79   69   56]
 [  51    6   59 1489   50   38  105]
 [  55    9  114   89  814   37   97]
 [  15    1   29   27   12  696   20]
 [  59    1   83   81   70   32  914]]

Test accuracy on folder 2
74.36611652374268

Folder 3
Train
[    0     1     2 ... 35884 35885 35886]
Test
[14067 14107 14110 ... 22129 22131 22132]

Classification Report
              precision    recall  f1-score   support

           0       0.88      0.90      0.89       991
           1       0.92      0.89      0.90       109
           2       0.88      0.91      0.89      1024
           3       0.96      0.91      0.94      1798
           4       0.91      0.89      0.90      1215
           5       0.92      0.94      0.93       800
           6       0.90      0.93      0.91      1240

    accuracy                           0.91      7177
   macro avg       0.91      0.91      0.91      7177
weighted avg       0.91      0.91      0.91      7177

Confusion Matrix
[[ 893    2   16   17   22   12   29]
 [   1   97    2    5    1    0    3]
 [  30    1  931    5   23   21   13]
 [  35    1   29 1644   33   13   43]
 [  27    2   39   12 1085   15   35]
 [   5    0   16    9    7  755    8]
 [  19    3   25   15   22    5 1151]]

Test accuracy on folder 3
91.34736061096191

Folder 4
Train
[    0     1     2 ... 35884 35885 35886]
Test
[20325 20335 20384 ... 28916 28921 28922]

Classification Report
              precision    recall  f1-score   support

           0       0.94      0.93      0.94       990
           1       0.94      0.92      0.93       109
           2       0.93      0.94      0.93      1025
           3       0.98      0.94      0.96      1797
           4       0.92      0.96      0.94      1215
           5       0.96      0.96      0.96       801
           6       0.95      0.96      0.95      1240

    accuracy                           0.95      7177
   macro avg       0.94      0.94      0.94      7177
weighted avg       0.95      0.95      0.95      7177

Confusion Matrix
[[ 924    2   17    8   20    3   16]
 [   3  100    2    0    3    0    1]
 [  15    2  959    4   20   13   12]
 [  13    1   17 1697   34   11   24]
 [   9    1   18    9 1161    5   12]
 [   6    0   12    7    4  768    4]
 [   9    0   10    5   23    4 1189]]

Test accuracy on folder 4
94.71924304962158

Folder 5
Train
[    0     1     2 ... 28916 28921 28922]
Test
[28541 28543 28547 ... 35884 35885 35886]

Classification Report
              precision    recall  f1-score   support

           0       0.97      0.93      0.95       990
           1       0.99      0.95      0.97       109
           2       0.94      0.95      0.94      1024
           3       0.97      0.98      0.97      1798
           4       0.96      0.95      0.95      1216
           5       0.93      0.98      0.96       801
           6       0.97      0.95      0.96      1239

    accuracy                           0.96      7177
   macro avg       0.96      0.96      0.96      7177
weighted avg       0.96      0.96      0.96      7177

Confusion Matrix
[[ 919    0   21   14   13   12   11]
 [   0  104    0    1    4    0    0]
 [  12    0  974    6   10   14    8]
 [   7    1    4 1761    8   12    5]
 [   9    0   18   13 1154   10   12]
 [   1    0    7    3    2  786    2]
 [   4    0   17   26   12    7 1173]]

Test accuracy on folder 5
95.73637843132019

Model: "sequential"
_________________________________________________________________
 Layer (type)                Output Shape              Param #   
=================================================================
 conv2d (Conv2D)             (None, 46, 46, 32)        320       
                                                                 
 max_pooling2d (MaxPooling2D  (None, 23, 23, 32)       0         
 )                                                               
                                                                 
 flatten (Flatten)           (None, 16928)             0         
                                                                 
 dense (Dense)               (None, 100)               1692900   
                                                                 
 dense_1 (Dense)             (None, 7)                 707       
                                                                 
=================================================================
Total params: 1,693,927
Trainable params: 1,693,927
Non-trainable params: 0
_________________________________________________________________

SUMMARY

Mean accuracy
80.52610158920288

F1-Score
80.48167744000743

Precision
80.62169495628393

Recall
80.5261020613471

Confusion Matrix
[[ 742    2   46   56   64   20   58]
 [   7   78    5    5    6    0    5]
 [  49    1  784   38   68   39   43]
 [  50    2   36 1555   57   24   72]
 [  58    3   60   63  932   20   76]
 [  15    0   29   23   16  696   19]
 [  46    0   47   64   71   17  990]]