Folder 1
Train
[ 6927  6929  6940 ... 35884 35885 35886]
Test
[   0    1    2 ... 7543 7562 7570]

Classification Report
              precision    recall  f1-score   support

           0       0.40      0.24      0.30       991
           1       0.50      0.04      0.07       110
           2       0.33      0.34      0.34      1024
           3       0.58      0.74      0.65      1798
           4       0.40      0.37      0.39      1216
           5       0.62      0.53      0.57       800
           6       0.43      0.49      0.46      1239

    accuracy                           0.48      7178
   macro avg       0.47      0.39      0.40      7178
weighted avg       0.47      0.48      0.46      7178

Confusion Matrix
[[ 241    2  148  229  160   25  186]
 [  13    4   17   32   23    2   19]
 [  74    0  351  155  193  108  143]
 [  69    1   89 1325  112   49  153]
 [ 108    0  192  203  455   25  233]
 [  29    0  118  118   28  427   80]
 [  69    1  133  221  153   50  612]]

Test accuracy on folder 1
47.575926780700684

Folder 2
Train
[    0     1     2 ... 35884 35885 35886]
Test
[ 6927  6929  6940 ... 14998 15004 15008]

Classification Report
              precision    recall  f1-score   support

           0       0.44      0.34      0.38       991
           1       0.69      0.16      0.26       110
           2       0.38      0.34      0.36      1024
           3       0.59      0.77      0.67      1798
           4       0.46      0.43      0.44      1215
           5       0.62      0.57      0.60       800
           6       0.48      0.49      0.49      1240

    accuracy                           0.51      7178
   macro avg       0.52      0.44      0.46      7178
weighted avg       0.50      0.51      0.50      7178

Confusion Matrix
[[ 341    3   99  217  150   38  143]
 [  13   18   16   32   13    1   17]
 [ 104    3  344  160  176  121  116]
 [  92    1   57 1382  100   46  120]
 [ 103    0  165  205  517   27  198]
 [  45    0  111   90   21  460   73]
 [  84    1  121  238  138   46  612]]

Test accuracy on folder 2
51.18417143821716

Folder 3
Train
[    0     1     2 ... 35884 35885 35886]
Test
[14067 14107 14110 ... 22129 22131 22132]

Classification Report
              precision    recall  f1-score   support

           0       0.41      0.42      0.42       991
           1       0.80      0.15      0.25       109
           2       0.44      0.38      0.41      1024
           3       0.64      0.72      0.68      1798
           4       0.46      0.42      0.44      1215
           5       0.68      0.66      0.67       800
           6       0.47      0.51      0.49      1240

    accuracy                           0.53      7177
   macro avg       0.56      0.47      0.48      7177
weighted avg       0.53      0.53      0.52      7177

Confusion Matrix
[[ 418    2  102  155  130   38  146]
 [  20   16    9   31   17    1   15]
 [ 132    1  387  121  165   93  125]
 [ 120    0   72 1301  108   42  155]
 [ 171    0  136  159  511   29  209]
 [  47    1   79   57   21  525   70]
 [ 111    0   95  199  154   49  632]]

Test accuracy on folder 3
52.807581424713135

Folder 4
Train
[    0     1     2 ... 35884 35885 35886]
Test
[20325 20335 20384 ... 28916 28921 28922]

Classification Report
              precision    recall  f1-score   support

           0       0.52      0.37      0.43       990
           1       0.73      0.20      0.32       109
           2       0.48      0.32      0.38      1025
           3       0.65      0.77      0.70      1797
           4       0.45      0.53      0.49      1215
           5       0.68      0.64      0.66       801
           6       0.49      0.59      0.54      1240

    accuracy                           0.55      7177
   macro avg       0.57      0.49      0.50      7177
weighted avg       0.55      0.55      0.54      7177

Confusion Matrix
[[ 362    3   76  167  197   39  146]
 [  14   22    8   30   19    4   12]
 [  84    3  324  137  238  102  137]
 [  43    2   52 1376  132   40  152]
 [  94    0   92  151  645   26  207]
 [  30    0   62   76   25  510   98]
 [  66    0   55  183  184   24  728]]

Test accuracy on folder 4
55.273789167404175

Folder 5
Train
[    0     1     2 ... 28916 28921 28922]
Test
[28541 28543 28547 ... 35884 35885 35886]

Classification Report
              precision    recall  f1-score   support

           0       0.42      0.45      0.44       990
           1       0.68      0.28      0.39       109
           2       0.50      0.30      0.37      1024
           3       0.65      0.75      0.70      1798
           4       0.48      0.45      0.46      1216
           5       0.73      0.61      0.66       801
           6       0.44      0.58      0.50      1239

    accuracy                           0.54      7177
   macro avg       0.56      0.49      0.50      7177
weighted avg       0.54      0.54      0.53      7177

Confusion Matrix
[[ 444    1   57  155  128   31  174]
 [  19   30    3   23   16    1   17]
 [ 143    2  305  124  182   79  189]
 [ 116    1   32 1345  101   24  179]
 [ 159    6   86  177  544   18  226]
 [  44    1   65   66   23  488  114]
 [ 121    3   59  166  150   27  713]]

Test accuracy on folder 5
53.908318281173706

Model: "sequential"
_________________________________________________________________
 Layer (type)                Output Shape              Param #   
=================================================================
 lambda (Lambda)             (None, 139, 139, 3)       0         
                                                                 
 inception_v3 (Functional)   (None, 3, 3, 2048)        21802784  
                                                                 
 global_average_pooling2d (G  (None, 2048)             0         
 lobalAveragePooling2D)                                          
                                                                 
 dense (Dense)               (None, 7)                 14343     
                                                                 
=================================================================
Total params: 21,817,127
Trainable params: 14,343
Non-trainable params: 21,802,784
_________________________________________________________________

SUMMARY

Mean accuracy
52.14995741844177

F1-Score
51.26577459575125

Precision
51.880928490025255

Recall
52.14995791834174

Confusion Matrix
[[ 361    2   96  184  153   34  159]
 [  15   18   10   29   17    1   16]
 [ 107    1  342  139  190  100  142]
 [  88    1   60 1345  110   40  151]
 [ 127    1  134  179  534   25  214]
 [  39    0   87   81   23  482   87]
 [  90    1   92  201  155   39  659]]