Folder 1
Train
[ 6927  6929  6940 ... 35884 35885 35886]
Test
[   0    1    2 ... 7543 7562 7570]

Classification Report
              precision    recall  f1-score   support

           0       0.32      0.34      0.33       991
           1       0.33      0.28      0.31       110
           2       0.33      0.28      0.30      1024
           3       0.58      0.62      0.60      1798
           4       0.34      0.34      0.34      1216
           5       0.57      0.58      0.57       800
           6       0.41      0.41      0.41      1239

    accuracy                           0.44      7178
   macro avg       0.41      0.41      0.41      7178
weighted avg       0.43      0.44      0.44      7178

Confusion Matrix
[[ 339   10  105  162  171   46  158]
 [  23   31   11   10   21    4   10]
 [ 153   13  288  128  193  112  137]
 [ 164    7  111 1109  172   75  160]
 [ 200   16  147  190  413   44  206]
 [  44    4   90   92   45  463   62]
 [ 132   12  123  211  190   69  502]]

Test accuracy on folder 1
43.8144326210022

Folder 2
Train
[    0     1     2 ... 35884 35885 35886]
Test
[ 6927  6929  6940 ... 14998 15004 15008]

Classification Report
              precision    recall  f1-score   support

           0       0.47      0.43      0.45       991
           1       0.42      0.45      0.43       110
           2       0.45      0.43      0.44      1024
           3       0.67      0.72      0.69      1798
           4       0.45      0.44      0.44      1215
           5       0.70      0.64      0.67       800
           6       0.47      0.50      0.48      1240

    accuracy                           0.54      7178
   macro avg       0.52      0.51      0.52      7178
weighted avg       0.54      0.54      0.54      7178

Confusion Matrix
[[ 422   14  102  132  160   32  129]
 [  13   49    9   13    8    5   13]
 [ 100   15  445   99  164   60  141]
 [  84   11   89 1290  129   53  142]
 [ 124   11  149  142  534   28  227]
 [  34    5   82   78   34  509   58]
 [ 121   13  119  163  159   43  622]]

Test accuracy on folder 2
53.9286732673645

Folder 3
Train
[    0     1     2 ... 35884 35885 35886]
Test
[14067 14107 14110 ... 22129 22131 22132]

Classification Report
              precision    recall  f1-score   support

           0       0.57      0.51      0.54       991
           1       0.55      0.56      0.55       109
           2       0.55      0.50      0.53      1024
           3       0.74      0.78      0.76      1798
           4       0.52      0.49      0.50      1215
           5       0.74      0.75      0.75       800
           6       0.54      0.61      0.57      1240

    accuracy                           0.62      7177
   macro avg       0.60      0.60      0.60      7177
weighted avg       0.61      0.62      0.61      7177

Confusion Matrix
[[ 503   12   95   99  119   32  131]
 [  14   61    6   10    5    2   11]
 [  87    4  515   86  156   53  123]
 [  57    7   62 1399  104   53  116]
 [ 104    9  120  126  594   28  234]
 [  30    4   57   47   21  601   40]
 [  80   14   77  131  142   42  754]]

Test accuracy on folder 3
61.68315410614014

Folder 4
Train
[    0     1     2 ... 35884 35885 35886]
Test
[20325 20335 20384 ... 28916 28921 28922]

Classification Report
              precision    recall  f1-score   support

           0       0.62      0.59      0.60       990
           1       0.53      0.43      0.47       109
           2       0.58      0.55      0.56      1025
           3       0.75      0.81      0.78      1797
           4       0.60      0.58      0.59      1215
           5       0.79      0.77      0.78       801
           6       0.62      0.64      0.63      1240

    accuracy                           0.66      7177
   macro avg       0.64      0.62      0.63      7177
weighted avg       0.66      0.66      0.66      7177

Confusion Matrix
[[ 580   11   87   91  104   23   94]
 [  14   47    9   11   11    9    8]
 [  72   11  561   89  142   64   86]
 [  71    9   50 1453   66   24  124]
 [ 104    8  117  109  709   24  144]
 [  22    1   53   58   17  613   37]
 [  80    2   85  118  142   18  795]]

Test accuracy on folder 4
66.2951111793518

Folder 5
Train
[    0     1     2 ... 28916 28921 28922]
Test
[28541 28543 28547 ... 35884 35885 35886]

Classification Report
              precision    recall  f1-score   support

           0       0.60      0.63      0.61       990
           1       0.76      0.62      0.68       109
           2       0.63      0.55      0.59      1024
           3       0.79      0.81      0.80      1798
           4       0.58      0.63      0.61      1216
           5       0.82      0.71      0.76       801
           6       0.62      0.64      0.63      1239

    accuracy                           0.68      7177
   macro avg       0.69      0.66      0.67      7177
weighted avg       0.68      0.68      0.68      7177

Confusion Matrix
[[ 622    3   55   76  115   13  106]
 [  11   68    8    4    6    3    9]
 [ 100    6  563   71  144   46   94]
 [  77    5   41 1462   93   26   94]
 [ 103    4   95   84  770   13  147]
 [  28    2   77   54   27  572   41]
 [  96    2   61   95  165   23  797]]

Test accuracy on folder 5
67.63271689414978

Model: "sequential"
_________________________________________________________________
 Layer (type)                Output Shape              Param #   
=================================================================
 time_distributed (TimeDistr  (None, 48, 48)           0         
 ibuted)                                                         
                                                                 
 lstm (LSTM)                 (None, 100)               59600     
                                                                 
 dense (Dense)               (None, 7)                 707       
                                                                 
=================================================================
Total params: 60,307
Trainable params: 60,307
Non-trainable params: 0
_________________________________________________________________

SUMMARY

Mean accuracy
58.67081761360169

F1-Score
58.5217759047193

Precision
58.527126638245605

Recall
58.670816689315075

Confusion Matrix
[[ 493   10   88  112  133   29  123]
 [  15   51    8    9   10    4   10]
 [ 102    9  474   94  159   67  116]
 [  90    7   70 1342  112   46  127]
 [ 127    9  125  130  604   27  191]
 [  31    3   71   65   28  551   47]
 [ 101    8   93  143  159   39  694]]Folder 1
Train
[ 6927  6929  6940 ... 35884 35885 35886]
Test
[   0    1    2 ... 7543 7562 7570]

Classification Report
              precision    recall  f1-score   support

           0       0.35      0.34      0.35       991
           1       0.38      0.35      0.36       110
           2       0.33      0.32      0.32      1024
           3       0.59      0.61      0.60      1798
           4       0.34      0.33      0.34      1216
           5       0.58      0.58      0.58       800
           6       0.39      0.39      0.39      1239

    accuracy                           0.44      7178
   macro avg       0.42      0.42      0.42      7178
weighted avg       0.44      0.44      0.44      7178

Confusion Matrix
[[ 338   16  111  141  164   52  169]
 [  19   38   11   11   16    5   10]
 [ 113    6  330  122  191  117  145]
 [ 133   13  135 1091  195   68  163]
 [ 175    8  182  174  407   43  227]
 [  43    4   96   95   47  468   47]
 [ 140   14  150  207  191   49  488]]

Test accuracy on folder 1
44.02340352535248

Folder 2
Train
[    0     1     2 ... 35884 35885 35886]
Test
[ 6927  6929  6940 ... 14998 15004 15008]

Classification Report
              precision    recall  f1-score   support

           0       0.50      0.50      0.50       991
           1       0.50      0.46      0.48       110
           2       0.48      0.46      0.47      1024
           3       0.69      0.71      0.70      1798
           4       0.48      0.50      0.49      1215
           5       0.68      0.68      0.68       800
           6       0.53      0.50      0.51      1240

    accuracy                           0.57      7178
   macro avg       0.55      0.54      0.55      7178
weighted avg       0.57      0.57      0.57      7178

Confusion Matrix
[[ 491   11   81  102  161   33  112]
 [  12   51    8    7   15    8    9]
 [ 107    5  471  107  163   73   98]
 [  89    9   86 1284  139   57  134]
 [ 121   10  151  130  610   32  161]
 [  45    5   69   68   35  543   35]
 [ 121   12  116  164  159   53  615]]

Test accuracy on folder 2
56.63137435913086

Folder 3
Train
[    0     1     2 ... 35884 35885 35886]
Test
[14067 14107 14110 ... 22129 22131 22132]

Classification Report
              precision    recall  f1-score   support

           0       0.55      0.54      0.54       991
           1       0.58      0.52      0.55       109
           2       0.54      0.54      0.54      1024
           3       0.72      0.76      0.74      1798
           4       0.52      0.55      0.54      1215
           5       0.76      0.74      0.75       800
           6       0.59      0.54      0.56      1240

    accuracy                           0.62      7177
   macro avg       0.61      0.60      0.60      7177
weighted avg       0.62      0.62      0.62      7177

Confusion Matrix
[[ 532    8   95  100  129   35   92]
 [  13   57    7    7   13    5    7]
 [  93    5  553   91  150   49   83]
 [  84    4   76 1370  101   40  123]
 [ 124   13  120  127  668   24  139]
 [  32    5   66   53   25  591   28]
 [  91    7  104  144  188   36  670]]

Test accuracy on folder 3
61.87822222709656

Folder 4
Train
[    0     1     2 ... 35884 35885 35886]
Test
[20325 20335 20384 ... 28916 28921 28922]

Classification Report
              precision    recall  f1-score   support

           0       0.60      0.61      0.60       990
           1       0.57      0.58      0.58       109
           2       0.57      0.59      0.58      1025
           3       0.76      0.79      0.78      1797
           4       0.60      0.57      0.58      1215
           5       0.77      0.73      0.75       801
           6       0.63      0.63      0.63      1240

    accuracy                           0.66      7177
   macro avg       0.65      0.64      0.64      7177
weighted avg       0.66      0.66      0.66      7177

Confusion Matrix
[[ 603   11   81   79   93   25   98]
 [  15   63   10    6    6    3    6]
 [  89    7  603   80  115   60   71]
 [  83   11   61 1427   77   41   97]
 [ 108   11  141  107  689   22  137]
 [  29    4   63   46   25  588   46]
 [  77    3   94  128  140   20  778]]

Test accuracy on folder 4
66.19757413864136

Folder 5
Train
[    0     1     2 ... 28916 28921 28922]
Test
[28541 28543 28547 ... 35884 35885 35886]

Classification Report
              precision    recall  f1-score   support

           0       0.61      0.61      0.61       990
           1       0.65      0.61      0.63       109
           2       0.59      0.63      0.61      1024
           3       0.79      0.80      0.80      1798
           4       0.61      0.60      0.60      1216
           5       0.80      0.75      0.77       801
           6       0.62      0.63      0.63      1239

    accuracy                           0.68      7177
   macro avg       0.67      0.66      0.66      7177
weighted avg       0.68      0.68      0.68      7177

Confusion Matrix
[[ 603    8   93   69  104   12  101]
 [  17   66    8    1    9    1    7]
 [  91    8  641   61  101   48   74]
 [  77    3   52 1435   93   33  105]
 [  86    5  126   98  725   26  150]
 [  30    2   76   32   28  597   36]
 [  87    9   89  112  133   27  782]]

Test accuracy on folder 5
67.5630509853363

Model: "sequential"
_________________________________________________________________
 Layer (type)                Output Shape              Param #   
=================================================================
 time_distributed (TimeDistr  (None, 48, 48)           0         
 ibuted)                                                         
                                                                 
 lstm (LSTM)                 (None, 100)               59600     
                                                                 
 dense (Dense)               (None, 7)                 707       
                                                                 
=================================================================
Total params: 60,307
Trainable params: 60,307
Non-trainable params: 0
_________________________________________________________________

SUMMARY

Mean accuracy
59.25872504711152

F1-Score
59.207235414642945

Precision
59.20133609944308

Recall
59.25872496088923

Confusion Matrix
[[ 513   10   92   98  130   31  114]
 [  15   55    8    6   11    4    7]
 [  98    6  519   92  144   69   94]
 [  93    8   82 1321  121   47  124]
 [ 122    9  144  127  619   29  162]
 [  35    4   74   58   32  557   38]
 [ 103    9  110  151  162   37  666]]