Folder 1
Train
[ 6927  6929  6940 ... 35884 35885 35886]
Test
[   0    1    2 ... 7543 7562 7570]

Classification Report
              precision    recall  f1-score   support

           0       0.40      0.42      0.41       991
           1       0.49      0.50      0.49       110
           2       0.44      0.40      0.42      1024
           3       0.67      0.76      0.71      1798
           4       0.41      0.38      0.40      1216
           5       0.73      0.68      0.70       800
           6       0.46      0.44      0.45      1239

    accuracy                           0.53      7178
   macro avg       0.51      0.51      0.51      7178
weighted avg       0.52      0.53      0.52      7178

Confusion Matrix
[[ 412   19  118  117  142   35  148]
 [  16   55   11   10   11    2    5]
 [ 147   12  411  103  153   78  120]
 [  85    5   69 1369  116   33  121]
 [ 200   11  152  165  465   22  201]
 [  52    0   71   72   23  542   40]
 [ 116   11  112  217  212   30  541]]

Test accuracy on folder 1
52.86988019943237

Folder 2
Train
[    0     1     2 ... 35884 35885 35886]
Test
[ 6927  6929  6940 ... 14998 15004 15008]

Classification Report
              precision    recall  f1-score   support

           0       0.60      0.52      0.56       991
           1       0.54      0.62      0.57       110
           2       0.60      0.51      0.55      1024
           3       0.77      0.81      0.79      1798
           4       0.52      0.59      0.55      1215
           5       0.78      0.77      0.77       800
           6       0.59      0.61      0.60      1240

    accuracy                           0.65      7178
   macro avg       0.63      0.63      0.63      7178
weighted avg       0.65      0.65      0.65      7178

Confusion Matrix
[[ 513   24   90  106  133   11  114]
 [  15   68    7    3   10    3    4]
 [  75    8  521   69  183   86   82]
 [  44    6   27 1459  117   34  111]
 [  96   11   98  105  721   14  170]
 [  31    3   42   40   32  612   40]
 [  76    7   78  107  197   22  753]]

Test accuracy on folder 2
64.73948359489441

Folder 3
Train
[    0     1     2 ... 35884 35885 35886]
Test
[14067 14107 14110 ... 22129 22131 22132]

Classification Report
              precision    recall  f1-score   support

           0       0.73      0.58      0.64       991
           1       0.71      0.66      0.69       109
           2       0.66      0.67      0.66      1024
           3       0.82      0.86      0.84      1798
           4       0.62      0.71      0.66      1215
           5       0.81      0.83      0.82       800
           6       0.72      0.66      0.69      1240

    accuracy                           0.73      7177
   macro avg       0.72      0.71      0.72      7177
weighted avg       0.73      0.73      0.73      7177

Confusion Matrix
[[ 573   13   93   76  124   30   82]
 [   3   72    7    7   10    4    6]
 [  45    3  683   43  127   58   65]
 [  33    8   44 1546   86   27   54]
 [  56    3   98   77  867   19   95]
 [  10    1   48   30   21  667   23]
 [  69    1   63   99  168   17  823]]

Test accuracy on folder 3
72.8856086730957

Folder 4
Train
[    0     1     2 ... 35884 35885 35886]
Test
[20325 20335 20384 ... 28916 28921 28922]

Classification Report
              precision    recall  f1-score   support

           0       0.73      0.65      0.69       990
           1       0.73      0.66      0.69       109
           2       0.68      0.70      0.69      1025
           3       0.85      0.86      0.86      1797
           4       0.66      0.74      0.70      1215
           5       0.83      0.81      0.82       801
           6       0.75      0.72      0.73      1240

    accuracy                           0.76      7177
   macro avg       0.75      0.73      0.74      7177
weighted avg       0.76      0.76      0.76      7177

Confusion Matrix
[[ 642    9   70   61  114   27   67]
 [  12   72    2    6   10    3    4]
 [  51    5  718   38  126   45   42]
 [  34    2   44 1544   71   32   70]
 [  57    7  106   46  903    9   87]
 [  24    2   49   26   20  651   29]
 [  59    2   63   85  119   21  891]]

Test accuracy on folder 4
75.53295493125916

Folder 5
Train
[    0     1     2 ... 28916 28921 28922]
Test
[28541 28543 28547 ... 35884 35885 35886]

Classification Report
              precision    recall  f1-score   support

           0       0.74      0.75      0.75       990
           1       0.88      0.73      0.80       109
           2       0.71      0.74      0.72      1024
           3       0.87      0.89      0.88      1798
           4       0.73      0.70      0.72      1216
           5       0.87      0.86      0.87       801
           6       0.76      0.76      0.76      1239

    accuracy                           0.79      7177
   macro avg       0.80      0.78      0.78      7177
weighted avg       0.79      0.79      0.79      7177

Confusion Matrix
[[ 744    4   59   48   59   13   63]
 [  11   80    6    3    2    0    7]
 [  61    2  757   37   82   42   43]
 [  30    2   37 1596   53   20   60]
 [  79    1   93   72  850   13  108]
 [   8    2   45   18   16  691   21]
 [  67    0   74   53   95   13  937]]

Test accuracy on folder 5
78.79336476325989

Model: "sequential"
_________________________________________________________________
 Layer (type)                Output Shape              Param #   
=================================================================
 conv2d (Conv2D)             (None, 48, 48, 16)        80        
                                                                 
 activation (Activation)     (None, 48, 48, 16)        0         
                                                                 
 max_pooling2d (MaxPooling2D  (None, 24, 24, 16)       0         
 )                                                               
                                                                 
 dropout (Dropout)           (None, 24, 24, 16)        0         
                                                                 
 conv2d_1 (Conv2D)           (None, 24, 24, 32)        2080      
                                                                 
 activation_1 (Activation)   (None, 24, 24, 32)        0         
                                                                 
 max_pooling2d_1 (MaxPooling  (None, 12, 12, 32)       0         
 2D)                                                             
                                                                 
 dropout_1 (Dropout)         (None, 12, 12, 32)        0         
                                                                 
 time_distributed (TimeDistr  (None, 12, 384)          0         
 ibuted)                                                         
                                                                 
 lstm (LSTM)                 (None, 100)               194000    
                                                                 
 dense (Dense)               (None, 7)                 707       
                                                                 
=================================================================
Total params: 196,867
Trainable params: 196,867
Non-trainable params: 0
_________________________________________________________________

SUMMARY

Mean accuracy
68.9642584323883

F1-Score
68.82744138716994

Precision
68.92946457567797

Recall
68.96425778565029

Confusion Matrix
[[ 576   13   86   81  114   23   94]
 [  11   69    6    5    8    2    5]
 [  75    6  618   58  134   61   70]
 [  45    4   44 1502   88   29   83]
 [  97    6  109   93  761   15  132]
 [  25    1   51   37   22  632   30]
 [  77    4   78  112  158   20  789]]