Folder 1
Train
[ 12  13  14  27  28  29  42  43  44  57  58  59  84  85  86  87  88  89
 102 103 104 117 118 119 120 121 122 123 124 125 126 127 128 129 130 131
 132 133 134 135 136 137 138 139 140 141 142 143 144 145 146 147 148 149
 150 151 152 153 154 155 156 157 158 159 160 161 162 163 164 165 166 167
 168 169 170 171 172 173 174 175 176 177 178 179 180 181 182 183 184 185
 186 187 188 189 190 191 192 193 194 195 196 197 198 199 200 201 202 203
 204 205 206 207 208 209 210 211 212 213 214 215 216 217 218 219 220 221
 222 223 224 225 226 227 228 229 230 231 232 233 234 235 236 237 238 239
 240 241 242 243 244 245 246 247 248 249 250 251 252 253 254 255 256 257
 258 259 260 261 262 263 264 265 266 267 268 269 270 271 272 273 274 275
 276 277 278 279 280 281 282 283 284 285 286 287 288 289 290 291 292 293
 294 295 296 297 298 299 300 301 302 303 304 305 306 307 308 309 310 311
 312 313 314 315 316 317 318 319 320 321 322 323 324 325 326 327 328 329
 330 331 332 333 334 335 336 337 338 339 340 341 342 343 344 345 346 347
 348 349 350 351 352 353 354 355 356 357 358 359 360 361 362 363 364 365
 366 367 368 369 370 371 372 373 374 375 376 377 378 379 380 381 382 383
 384 385 386 387 388 389 390 391 392 393 394 395 396 397 398 399 400 401
 402 403 404 405 406 407 408 409 410 411 412 413 414 415 416 417 418 419
 420 421 422 423 424 425 426 427 428 429 430 431 432 433 434 435 436 437
 438 439 440 441 442 443 444 445 446 447 448 449 450 451 452 453 454 455
 456 457 458 459 460 461 462 463 464 465 466 467 468 469 470 471 472 473
 474 475 476 477 478 479]
Test
[  0   1   2   3   4   5   6   7   8   9  10  11  15  16  17  18  19  20
  21  22  23  24  25  26  30  31  32  33  34  35  36  37  38  39  40  41
  45  46  47  48  49  50  51  52  53  54  55  56  60  61  62  63  64  65
  66  67  68  69  70  71  72  73  74  75  76  77  78  79  80  81  82  83
  90  91  92  93  94  95  96  97  98  99 100 101 105 106 107 108 109 110
 111 112 113 114 115 116]

Classification Report
              precision    recall  f1-score   support

           0       0.00      0.00      0.00        12
           1       0.18      0.17      0.17        12
           2       0.36      0.42      0.38        12
           3       0.50      0.58      0.54        24
           4       0.08      0.08      0.08        12
           5       0.27      0.25      0.26        12
           6       0.00      0.00      0.00        12

    accuracy                           0.26        96
   macro avg       0.20      0.21      0.21        96
weighted avg       0.24      0.26      0.25        96

Confusion Matrix
[[ 0  1  2  3  3  2  1]
 [ 2  2  3  1  0  1  3]
 [ 2  1  5  0  2  0  2]
 [ 2  0  1 14  4  2  1]
 [ 3  1  3  3  1  1  0]
 [ 1  2  0  3  1  3  2]
 [ 0  4  0  4  2  2  0]]

Test accuracy on folder 1
26.04166567325592

Folder 2
Train
[  0   1   2   3   4   5   6   7   8   9  10  11  15  16  17  18  19  20
  21  22  23  24  25  26  30  31  32  33  34  35  36  37  38  39  40  41
  45  46  47  48  49  50  51  52  53  54  55  56  60  61  62  63  64  65
  66  67  68  69  70  71  72  73  74  75  76  77  78  79  80  81  82  83
  90  91  92  93  94  95  96  97  98  99 100 101 105 106 107 108 109 110
 111 112 113 114 115 116 129 130 131 132 133 134 144 145 146 147 148 149
 159 160 161 162 163 164 174 175 176 177 178 179 198 199 200 201 202 203
 204 205 206 207 208 209 219 220 221 222 223 224 234 235 236 237 238 239
 240 241 242 243 244 245 246 247 248 249 250 251 252 253 254 255 256 257
 258 259 260 261 262 263 264 265 266 267 268 269 270 271 272 273 274 275
 276 277 278 279 280 281 282 283 284 285 286 287 288 289 290 291 292 293
 294 295 296 297 298 299 300 301 302 303 304 305 306 307 308 309 310 311
 312 313 314 315 316 317 318 319 320 321 322 323 324 325 326 327 328 329
 330 331 332 333 334 335 336 337 338 339 340 341 342 343 344 345 346 347
 348 349 350 351 352 353 354 355 356 357 358 359 360 361 362 363 364 365
 366 367 368 369 370 371 372 373 374 375 376 377 378 379 380 381 382 383
 384 385 386 387 388 389 390 391 392 393 394 395 396 397 398 399 400 401
 402 403 404 405 406 407 408 409 410 411 412 413 414 415 416 417 418 419
 420 421 422 423 424 425 426 427 428 429 430 431 432 433 434 435 436 437
 438 439 440 441 442 443 444 445 446 447 448 449 450 451 452 453 454 455
 456 457 458 459 460 461 462 463 464 465 466 467 468 469 470 471 472 473
 474 475 476 477 478 479]
Test
[ 12  13  14  27  28  29  42  43  44  57  58  59  84  85  86  87  88  89
 102 103 104 117 118 119 120 121 122 123 124 125 126 127 128 135 136 137
 138 139 140 141 142 143 150 151 152 153 154 155 156 157 158 165 166 167
 168 169 170 171 172 173 180 181 182 183 184 185 186 187 188 189 190 191
 192 193 194 195 196 197 210 211 212 213 214 215 216 217 218 225 226 227
 228 229 230 231 232 233]

Classification Report
              precision    recall  f1-score   support

           0       0.86      1.00      0.92        12
           1       1.00      0.92      0.96        12
           2       0.86      1.00      0.92        12
           3       0.88      0.96      0.92        24
           4       1.00      0.75      0.86        12
           5       1.00      1.00      1.00        12
           6       1.00      0.83      0.91        12

    accuracy                           0.93        96
   macro avg       0.94      0.92      0.93        96
weighted avg       0.94      0.93      0.93        96

Confusion Matrix
[[12  0  0  0  0  0  0]
 [ 0 11  0  1  0  0  0]
 [ 0  0 12  0  0  0  0]
 [ 1  0  0 23  0  0  0]
 [ 1  0  2  0  9  0  0]
 [ 0  0  0  0  0 12  0]
 [ 0  0  0  2  0  0 10]]

Test accuracy on folder 2
92.70833134651184

Folder 3
Train
[  0   1   2   3   4   5   6   7   8   9  10  11  12  13  14  15  16  17
  18  19  20  21  22  23  24  25  26  27  28  29  30  31  32  33  34  35
  36  37  38  39  40  41  42  43  44  45  46  47  48  49  50  51  52  53
  54  55  56  57  58  59  60  61  62  63  64  65  66  67  68  69  70  71
  72  73  74  75  76  77  78  79  80  81  82  83  84  85  86  87  88  89
  90  91  92  93  94  95  96  97  98  99 100 101 102 103 104 105 106 107
 108 109 110 111 112 113 114 115 116 117 118 119 120 121 122 123 124 125
 126 127 128 135 136 137 138 139 140 141 142 143 150 151 152 153 154 155
 156 157 158 165 166 167 168 169 170 171 172 173 180 181 182 183 184 185
 186 187 188 189 190 191 192 193 194 195 196 197 210 211 212 213 214 215
 216 217 218 225 226 227 228 229 230 231 232 233 246 247 248 249 250 251
 252 253 254 261 262 263 264 265 266 267 268 269 276 277 278 279 280 281
 282 283 284 291 292 293 294 295 296 297 298 299 312 313 314 315 316 317
 318 319 320 321 322 323 324 325 326 327 328 329 336 337 338 339 340 341
 342 343 344 351 352 353 354 355 356 357 358 359 360 361 362 363 364 365
 366 367 368 369 370 371 372 373 374 375 376 377 378 379 380 381 382 383
 384 385 386 387 388 389 390 391 392 393 394 395 396 397 398 399 400 401
 402 403 404 405 406 407 408 409 410 411 412 413 414 415 416 417 418 419
 420 421 422 423 424 425 426 427 428 429 430 431 432 433 434 435 436 437
 438 439 440 441 442 443 444 445 446 447 448 449 450 451 452 453 454 455
 456 457 458 459 460 461 462 463 464 465 466 467 468 469 470 471 472 473
 474 475 476 477 478 479]
Test
[129 130 131 132 133 134 144 145 146 147 148 149 159 160 161 162 163 164
 174 175 176 177 178 179 198 199 200 201 202 203 204 205 206 207 208 209
 219 220 221 222 223 224 234 235 236 237 238 239 240 241 242 243 244 245
 255 256 257 258 259 260 270 271 272 273 274 275 285 286 287 288 289 290
 300 301 302 303 304 305 306 307 308 309 310 311 330 331 332 333 334 335
 345 346 347 348 349 350]

Classification Report
              precision    recall  f1-score   support

           0       1.00      1.00      1.00        12
           1       1.00      1.00      1.00        12
           2       1.00      1.00      1.00        12
           3       1.00      1.00      1.00        24
           4       1.00      1.00      1.00        12
           5       1.00      1.00      1.00        12
           6       1.00      1.00      1.00        12

    accuracy                           1.00        96
   macro avg       1.00      1.00      1.00        96
weighted avg       1.00      1.00      1.00        96

Confusion Matrix
[[12  0  0  0  0  0  0]
 [ 0 12  0  0  0  0  0]
 [ 0  0 12  0  0  0  0]
 [ 0  0  0 24  0  0  0]
 [ 0  0  0  0 12  0  0]
 [ 0  0  0  0  0 12  0]
 [ 0  0  0  0  0  0 12]]

Test accuracy on folder 3
100.0

Folder 4
Train
[  0   1   2   3   4   5   6   7   8   9  10  11  12  13  14  15  16  17
  18  19  20  21  22  23  24  25  26  27  28  29  30  31  32  33  34  35
  36  37  38  39  40  41  42  43  44  45  46  47  48  49  50  51  52  53
  54  55  56  57  58  59  60  61  62  63  64  65  66  67  68  69  70  71
  72  73  74  75  76  77  78  79  80  81  82  83  84  85  86  87  88  89
  90  91  92  93  94  95  96  97  98  99 100 101 102 103 104 105 106 107
 108 109 110 111 112 113 114 115 116 117 118 119 120 121 122 123 124 125
 126 127 128 129 130 131 132 133 134 135 136 137 138 139 140 141 142 143
 144 145 146 147 148 149 150 151 152 153 154 155 156 157 158 159 160 161
 162 163 164 165 166 167 168 169 170 171 172 173 174 175 176 177 178 179
 180 181 182 183 184 185 186 187 188 189 190 191 192 193 194 195 196 197
 198 199 200 201 202 203 204 205 206 207 208 209 210 211 212 213 214 215
 216 217 218 219 220 221 222 223 224 225 226 227 228 229 230 231 232 233
 234 235 236 237 238 239 240 241 242 243 244 245 255 256 257 258 259 260
 270 271 272 273 274 275 285 286 287 288 289 290 300 301 302 303 304 305
 306 307 308 309 310 311 330 331 332 333 334 335 345 346 347 348 349 350
 363 364 365 366 367 368 369 370 371 372 373 374 378 379 380 381 382 383
 384 385 386 387 388 389 393 394 395 396 397 398 399 400 401 402 403 404
 408 409 410 411 412 413 414 415 416 417 418 419 426 427 428 429 430 431
 432 433 434 435 436 437 438 439 440 441 442 443 444 445 446 447 448 449
 453 454 455 456 457 458 459 460 461 462 463 464 468 469 470 471 472 473
 474 475 476 477 478 479]
Test
[246 247 248 249 250 251 252 253 254 261 262 263 264 265 266 267 268 269
 276 277 278 279 280 281 282 283 284 291 292 293 294 295 296 297 298 299
 312 313 314 315 316 317 318 319 320 321 322 323 324 325 326 327 328 329
 336 337 338 339 340 341 342 343 344 351 352 353 354 355 356 357 358 359
 360 361 362 375 376 377 390 391 392 405 406 407 420 421 422 423 424 425
 450 451 452 465 466 467]

Classification Report
              precision    recall  f1-score   support

           0       1.00      1.00      1.00        12
           1       1.00      1.00      1.00        12
           2       1.00      1.00      1.00        12
           3       1.00      1.00      1.00        24
           4       1.00      1.00      1.00        12
           5       1.00      1.00      1.00        12
           6       1.00      1.00      1.00        12

    accuracy                           1.00        96
   macro avg       1.00      1.00      1.00        96
weighted avg       1.00      1.00      1.00        96

Confusion Matrix
[[12  0  0  0  0  0  0]
 [ 0 12  0  0  0  0  0]
 [ 0  0 12  0  0  0  0]
 [ 0  0  0 24  0  0  0]
 [ 0  0  0  0 12  0  0]
 [ 0  0  0  0  0 12  0]
 [ 0  0  0  0  0  0 12]]

Test accuracy on folder 4
100.0

Folder 5
Train
[  0   1   2   3   4   5   6   7   8   9  10  11  12  13  14  15  16  17
  18  19  20  21  22  23  24  25  26  27  28  29  30  31  32  33  34  35
  36  37  38  39  40  41  42  43  44  45  46  47  48  49  50  51  52  53
  54  55  56  57  58  59  60  61  62  63  64  65  66  67  68  69  70  71
  72  73  74  75  76  77  78  79  80  81  82  83  84  85  86  87  88  89
  90  91  92  93  94  95  96  97  98  99 100 101 102 103 104 105 106 107
 108 109 110 111 112 113 114 115 116 117 118 119 120 121 122 123 124 125
 126 127 128 129 130 131 132 133 134 135 136 137 138 139 140 141 142 143
 144 145 146 147 148 149 150 151 152 153 154 155 156 157 158 159 160 161
 162 163 164 165 166 167 168 169 170 171 172 173 174 175 176 177 178 179
 180 181 182 183 184 185 186 187 188 189 190 191 192 193 194 195 196 197
 198 199 200 201 202 203 204 205 206 207 208 209 210 211 212 213 214 215
 216 217 218 219 220 221 222 223 224 225 226 227 228 229 230 231 232 233
 234 235 236 237 238 239 240 241 242 243 244 245 246 247 248 249 250 251
 252 253 254 255 256 257 258 259 260 261 262 263 264 265 266 267 268 269
 270 271 272 273 274 275 276 277 278 279 280 281 282 283 284 285 286 287
 288 289 290 291 292 293 294 295 296 297 298 299 300 301 302 303 304 305
 306 307 308 309 310 311 312 313 314 315 316 317 318 319 320 321 322 323
 324 325 326 327 328 329 330 331 332 333 334 335 336 337 338 339 340 341
 342 343 344 345 346 347 348 349 350 351 352 353 354 355 356 357 358 359
 360 361 362 375 376 377 390 391 392 405 406 407 420 421 422 423 424 425
 450 451 452 465 466 467]
Test
[363 364 365 366 367 368 369 370 371 372 373 374 378 379 380 381 382 383
 384 385 386 387 388 389 393 394 395 396 397 398 399 400 401 402 403 404
 408 409 410 411 412 413 414 415 416 417 418 419 426 427 428 429 430 431
 432 433 434 435 436 437 438 439 440 441 442 443 444 445 446 447 448 449
 453 454 455 456 457 458 459 460 461 462 463 464 468 469 470 471 472 473
 474 475 476 477 478 479]

Classification Report
              precision    recall  f1-score   support

           0       1.00      1.00      1.00        12
           1       1.00      1.00      1.00        12
           2       1.00      1.00      1.00        12
           3       1.00      1.00      1.00        24
           4       1.00      1.00      1.00        12
           5       1.00      1.00      1.00        12
           6       1.00      1.00      1.00        12

    accuracy                           1.00        96
   macro avg       1.00      1.00      1.00        96
weighted avg       1.00      1.00      1.00        96

Confusion Matrix
[[12  0  0  0  0  0  0]
 [ 0 12  0  0  0  0  0]
 [ 0  0 12  0  0  0  0]
 [ 0  0  0 24  0  0  0]
 [ 0  0  0  0 12  0  0]
 [ 0  0  0  0  0 12  0]
 [ 0  0  0  0  0  0 12]]

Test accuracy on folder 5
100.0

Model: "sequential"
_________________________________________________________________
 Layer (type)                Output Shape              Param #   
=================================================================
 conv2d (Conv2D)             (None, 77, 1, 32)         3488      
                                                                 
 max_pooling2d (MaxPooling2D  (None, 39, 1, 32)        0         
 )                                                               
                                                                 
 flatten (Flatten)           (None, 1248)              0         
                                                                 
 dense (Dense)               (None, 100)               124900    
                                                                 
 dense_1 (Dense)             (None, 7)                 707       
                                                                 
=================================================================
Total params: 129,095
Trainable params: 129,095
Non-trainable params: 0
_________________________________________________________________

SUMMARY

Mean accuracy
83.74999940395355

F1-Score
83.46307605438041

Precision
83.43031968031967

Recall
83.75

Confusion Matrix
[[ 9  0  0  0  0  0  0]
 [ 0  9  0  0  0  0  0]
 [ 0  0 10  0  0  0  0]
 [ 0  0  0 21  0  0  0]
 [ 0  0  1  0  9  0  0]
 [ 0  0  0  0  0 10  0]
 [ 0  0  0  1  0  0  9]]